Autodrive, X, Y, Z, PosError, Heading, HError, Velocity, VError, GN, GE, Longitude, Latitude, Longitude Error, Latitude Error
1,509,150,0,298,5.995114,18.841310,1,1,-285303719,283196970,28.227660,-25.753104,298,621
1,510,151,0,303,-27.334962,33.701290,0,1,-285303720,283196970,28.227660,-25.753104,303,632
1,511,150,0,307,20.221679,81.897830,0,2,-285303720,283196969,28.227660,-25.753104,307,642
1,511,149,0,308,66.073893,12.247990,3,1,-285303720,283196968,28.227659,-25.753104,308,647
1,513,148,0,309,39.357964,11.032190,8,2,-285303721,283196966,28.227659,-25.753104,309,650
1,518,147,0,311,20.452655,2.575550,23,2,-285303724,283196962,28.227659,-25.753104,311,652
1,527,145,0,314,14.817552,2.415690,45,3,-285303730,283196955,28.227658,-25.753105,314,654
1,540,146,0,317,2.272517,2.679810,52,2,-285303741,283196948,28.227658,-25.753106,317,658
1,559,142,0,320,8.090839,1.658820,66,3,-285303753,283196933,28.227657,-25.753107,320,662
1,581,139,0,322,7.363613,3.176760,90,17,-285303769,283196918,28.227655,-25.753108,322,667
1,597,134,0,323,13.787871,4.699050,68,9,-285303779,283196904,28.227654,-25.753109,323,671
1,620,131,0,325,9.262624,1.331210,104,5,-285303795,283196887,28.227653,-25.753111,325,675
1,645,128,0,327,7.087541,3.622580,97,5,-285303813,283196870,28.227652,-25.753113,327,679
1,668,125,0,329,7.029180,4.750150,87,6,-285303830,283196853,28.227650,-25.753114,329,682
1,693,125,0,327,2.343060,2.806620,104,3,-285303849,283196838,28.227649,-25.753116,327,684
1,718,126,0,330,-0.552313,0.780870,117,2,-285303870,283196823,28.227648,-25.753118,330,686
1,740,128,0,332,-3.517438,2.541730,119,10,-285303889,283196812,28.227647,-25.753119,332,690
1,760,134,0,330,-11.839146,4.678450,110,4,-285303908,283196805,28.227647,-25.753121,330,691
1,786,136,0,333,-6.613049,2.274760,127,12,-285303930,283196790,28.227646,-25.753123,333,693
1,811,138,0,330,-4.871016,5.139780,96,8,-285303951,283196777,28.227645,-25.753125,330,693
1,831,142,0,331,-8.957005,5.522580,115,5,-285303969,283196767,28.227645,-25.753127,331,694
1,855,147,0,333,-10.319002,1.821110,124,5,-285303991,283196757,28.227644,-25.753128,333,695
1,883,151,0,335,-8.773001,2.620590,125,8,-285304016,283196743,28.227643,-25.753131,335,696
1,912,156,0,337,-8.924334,3.738530,124,14,-285304042,283196729,28.227642,-25.753133,337,698
1,940,161,0,338,-9.641445,6.583860,129,9,-285304067,283196716,28.227642,-25.753135,338,700
1,969,163,0,337,-5.213815,3.417510,129,9,-285304092,283196700,28.227641,-25.753138,337,701
1,996,167,0,337,-7.071272,3.110400,121,7,-285304115,283196687,28.227640,-25.753140,337,702
1,1012,170,0,336,-9.023757,4.571790,120,6,-285304130,283196679,28.227639,-25.753141,336,703
1,1037,175,0,337,-10.341252,4.696600,136,14,-285304153,283196668,28.227639,-25.753143,337,704
1,1058,185,0,339,-20.113751,9.897070,105,11,-285304175,283196663,28.227639,-25.753145,339,704
1,1057,198,0,365,-69.371250,6.923190,109,7,-285304183,283196674,28.227640,-25.753146,365,719
1,1080,207,0,386,-37.123750,5.288140,110,6,-285304206,283196667,28.227640,-25.753148,386,743
1,1119,205,0,359,-11.041250,5.532870,102,6,-285304236,283196642,28.227638,-25.753151,359,735
1,1136,207,0,382,-7.680417,3.152750,112,4,-285304251,283196633,28.227637,-25.753152,382,755
1,1160,206,0,405,-1.226806,1.544470,124,5,-285304269,283196618,28.227636,-25.753153,405,781
1,1179,208,0,428,-4.408935,3.470270,134,25,-285304285,283196608,28.227636,-25.753155,428,813
1,1202,209,0,444,-2.802978,4.816600,94,14,-285304304,283196595,28.227635,-25.753157,444,844
1,1205,214,0,450,-40.267659,7.699930,67,16,-285304310,283196597,28.227635,-25.753157,450,870
1,1228,221,0,466,-24.089220,4.114960,102,5,-285304332,283196588,28.227635,-25.753159,466,900
1,1251,222,0,488,-9.363073,1.042690,121,4,-285304351,283196575,28.227634,-25.753161,488,934
1,1268,223,0,502,-5.121024,6.213440,91,10,-285304365,283196565,28.227633,-25.753162,502,963
1,1280,224,0,504,-4.373675,5.280120,77,11,-285304375,283196559,28.227633,-25.753163,504,985
1,1309,221,0,510,1.875442,2.636380,114,5,-285304396,283196539,28.227631,-25.753165,510,1005
1,1321,221,0,512,0.625147,2.848970,118,8,-285304406,283196531,28.227631,-25.753166,512,1019
1,1349,218,0,518,4.208382,1.758130,129,10,-285304426,283196512,28.227629,-25.753168,518,1031
1,1376,214,0,523,6.736127,2.031610,105,4,-285304445,283196493,28.227628,-25.753169,523,1040
1,1409,208,0,523,8.912042,1.207060,114,2,-285304468,283196468,28.227626,-25.753171,523,1045
1,1473,187,0,457,14.970681,2.810170,101,4,-285304506,283196412,28.227621,-25.753175,457,962
1,1515,172,0,424,17.656894,1.618760,135,10,-285304530,283196374,28.227617,-25.753177,424,904
1,1552,162,0,404,15.885631,1.659490,124,5,-285304553,283196344,28.227615,-25.753179,404,859
1,1592,155,0,390,11.295210,2.052000,130,9,-285304581,283196314,28.227613,-25.753182,390,824
1,1632,151,0,380,7.098403,3.583950,117,5,-285304610,283196286,28.227610,-25.753184,380,797
1,1675,148,0,371,4.366134,4.579410,131,7,-285304642,283196258,28.227608,-25.753187,371,776
1,1707,145,0,362,4.788711,2.360750,137,10,-285304666,283196236,28.227607,-25.753189,362,758
1,1740,146,0,354,0.929570,2.056030,128,6,-285304692,283196217,28.227605,-25.753191,354,743
1,1771,147,0,350,-0.356810,2.880520,135,8,-285304718,283196199,28.227604,-25.753194,350,732
1,1795,153,0,348,-9.452270,6.917390,116,12,-285304740,283196189,28.227603,-25.753196,348,724
1,1787,166,0,376,-83.817423,4.445740,117,10,-285304742,283196204,28.227605,-25.753196,376,739
1,1811,176,0,407,-42.605808,3.679060,127,7,-285304767,283196198,28.227605,-25.753198,407,768
1,1840,180,0,421,-18.868603,4.256400,112,21,-285304793,283196183,28.227604,-25.753201,421,794
1,1871,184,0,438,-10.956201,4.552580,131,22,-285304819,283196167,28.227603,-25.753203,438,826
1,1904,183,0,451,-2.985400,6.973460,127,38,-285304845,283196146,28.227601,-25.753205,451,858
1,1950,177,0,399,3.671533,5.494860,87,15,-285304878,283196114,28.227599,-25.753208,399,824
1,1976,176,0,379,2.557178,3.088900,119,14,-285304898,283196097,28.227598,-25.753210,379,803
