X, Y, PathError, Steering, Velocity, Kp, Kd, Kdh, Ki
3.690000,2.750000,0.750067,0.053973,18.000000,0.150000,0.000000,0.001286,0.001500
3.690000,2.750000,0.750067,0.090809,18.000000,0.150000,0.000000,0.000429,0.003000
3.690000,2.750000,0.750067,0.060383,18.000000,0.150000,0.000000,0.000143,0.004500
3.700000,2.740000,0.740000,0.025133,18.000000,0.148000,0.000000,-0.076747,0.005980
3.740000,2.740000,0.741080,0.041445,18.000000,0.148000,0.000000,-0.025582,0.007460
3.800000,2.710000,0.710000,0.056202,18.000000,0.142000,0.000000,-0.053906,0.008880
3.830000,2.630000,0.630714,-0.129279,18.000000,0.126000,0.000000,-0.138396,0.010140
3.910000,2.550000,0.550091,-0.096636,18.000000,0.110000,0.000000,-0.122927,0.011240
3.990000,2.460000,0.460109,-1.179796,18.000000,0.092000,0.000000,-0.124751,0.012160
4.130000,2.340000,0.341321,-1.750784,18.000000,0.068000,0.000000,-0.111397,0.012840
4.280000,2.240000,0.240832,-1.914147,18.000000,0.048000,0.000000,-0.094728,0.013320
4.420000,2.110000,0.111803,-3.972883,18.000000,0.022000,0.000000,-0.104880,0.013540
4.590000,1.960000,0.041231,-5.790223,18.000000,-0.008000,-0.000000,-0.106518,0.013460
4.770000,1.790000,0.212132,-7.993639,18.000000,-0.042000,-0.000000,-0.110555,0.013040
4.950000,1.660000,0.343657,-8.799388,18.000000,-0.068000,-0.000000,-0.097938,0.012360
5.150000,1.490000,0.512445,-11.064919,18.000000,-0.102000,-0.000000,-0.102459,0.011340
5.360000,1.390000,0.611310,-10.867080,18.000000,-0.122000,-0.000000,-0.077786,0.010120
5.560000,1.250000,0.751066,-12.986086,18.000000,-0.150000,-0.000000,-0.085270,0.008620
5.770000,1.130000,0.870517,-14.103806,18.000000,-0.174000,-0.000000,-0.079038,0.006880
6.010000,1.020000,0.980051,-14.857590,18.000000,-0.196000,-0.000000,-0.068234,0.004920
6.250000,0.920000,1.081157,-15.720922,18.000000,-0.216000,-0.000000,-0.061142,0.002760
6.520000,0.840000,1.160172,-16.035135,18.000000,-0.232000,-0.000000,-0.048306,0.000440
6.780000,0.780000,1.220164,-16.217337,18.000000,-0.244000,-0.000000,-0.037046,-0.002000
7.020000,0.740000,1.260159,-16.305038,18.000000,-0.252000,-0.000000,-0.028057,-0.004520
7.290000,0.690000,1.310038,-16.956429,18.000000,-0.262000,-0.000000,-0.026805,-0.007140
7.560000,0.660000,1.340597,-17.029860,18.000000,-0.268000,-0.000000,-0.019407,-0.009820
7.800000,0.650000,1.350000,-16.757853,18.000000,-0.270000,-0.000000,-0.009960,-0.012520
8.040000,0.680000,1.320606,-15.484906,18.000000,-0.264000,-0.000000,0.008897,-0.015160
8.250000,0.750000,1.251000,-13.365861,18.000000,-0.250000,-0.000000,0.034382,-0.017660
8.500000,0.760000,1.240000,-14.506648,18.000000,-0.248000,-0.000000,0.014951,-0.020140
8.780000,0.790000,1.210165,-14.272624,18.000000,-0.242000,-0.000000,0.015456,-0.022560
9.070000,0.810000,1.190378,-14.470170,18.000000,-0.238000,-0.000000,0.010388,-0.024940
9.350000,0.840000,1.161077,-14.056110,18.000000,-0.232000,-0.000000,0.013935,-0.027260
9.570000,0.890000,1.110405,-12.942612,18.000000,-0.222000,-0.000000,0.025589,-0.029480
9.790000,0.950000,1.050048,-11.852804,18.000000,-0.210000,-0.000000,0.034710,-0.031580
10.030000,1.020000,0.980459,-10.888770,18.000000,-0.196000,-0.000000,0.039495,-0.033540
10.270000,1.110000,0.890505,-9.468035,18.000000,-0.178000,-0.000000,0.048072,-0.035320
10.480000,1.190000,0.810247,-8.480322,18.000000,-0.162000,-0.000000,0.050930,-0.036940
10.720000,1.260000,0.740270,-8.108379,18.000000,-0.148000,-0.000000,0.044902,-0.038420
10.950000,1.330000,0.671863,-7.498148,18.000000,-0.134000,-0.000000,0.042893,-0.039760
11.160000,1.410000,0.591354,-6.287403,18.000000,-0.118000,-0.000000,0.049204,-0.040940
11.410000,1.480000,0.520096,-5.924308,18.000000,-0.104000,-0.000000,0.042581,-0.041980
11.640000,1.550000,0.451774,-5.200221,18.000000,-0.090000,-0.000000,0.042119,-0.042880
11.880000,1.610000,0.390512,-4.766190,18.000000,-0.078000,-0.000000,0.038474,-0.043660
12.110000,1.690000,0.310161,-3.454590,18.000000,-0.062000,-0.000000,0.045986,-0.044280
12.360000,1.730000,0.272947,-3.883701,18.000000,-0.054000,-0.000000,0.031037,-0.044820
12.560000,1.760000,0.243310,-3.952940,18.000000,-0.048000,-0.000000,0.024308,-0.045300
12.830000,1.850000,0.152971,-2.067309,18.000000,-0.030000,-0.000000,0.039519,-0.045600
13.050000,1.890000,0.120830,-2.131049,18.000000,-0.022000,-0.000000,0.030626,-0.045820
13.290000,1.940000,0.060828,-1.634800,18.000000,-0.012000,-0.000000,0.029407,-0.045940
13.550000,1.970000,0.058309,-1.817741,18.000000,-0.006000,-0.000000,0.020274,-0.046000
13.780000,2.000000,0.020000,-1.548393,18.000000,0.000000,0.000000,0.018975,-0.046000
14.020000,2.020000,0.028285,-1.641727,18.000000,0.004000,0.000000,0.013306,-0.045960
14.270000,2.050000,0.058309,-1.200493,18.000000,0.010000,0.000000,0.014907,-0.045860
14.530000,2.060000,0.067082,-1.448449,18.000000,0.012000,0.000000,0.008460,-0.045740
14.770000,2.050000,0.058309,-2.080451,18.000000,0.010000,0.000000,-0.000671,-0.045640
15.010000,2.060000,0.060828,-1.733365,18.000000,0.012000,0.000000,0.003267,-0.045520
15.260000,2.070000,0.080622,-1.535546,18.000000,0.014000,0.000000,0.004580,-0.045380
15.500000,2.060000,0.060000,-2.018193,18.000000,0.012000,0.000000,-0.001964,-0.045260
15.750000,2.050000,0.070711,-2.252032,18.000000,0.010000,0.000000,-0.004145,-0.045160
16.000000,2.040000,0.040000,-2.403698,18.000000,0.008000,0.000000,-0.004872,-0.045080
16.260000,2.020000,0.044721,-2.844476,18.000000,0.004000,0.000000,-0.008605,-0.045040
16.500000,2.000000,0.000000,-3.144954,18.000000,0.000000,0.000000,-0.009850,-0.045040
16.750000,2.000000,0.050000,-2.768719,18.000000,0.000000,0.000000,-0.003283,-0.045040
17.010000,1.970000,0.031623,-3.590520,18.000000,-0.006000,-0.000000,-0.011566,-0.045100
17.270000,1.950000,0.058309,-3.783628,18.000000,-0.010000,-0.000000,-0.010837,-0.045200
17.510000,1.920000,0.080623,-4.422637,18.000000,-0.016000,-0.000000,-0.015830,-0.045360
17.740000,1.890000,0.117047,-4.874371,18.000000,-0.022000,-0.000000,-0.017494,-0.045580
17.980000,1.860000,0.141421,-5.265974,18.000000,-0.028000,-0.000000,-0.018049,-0.045860
18.209999,1.840000,0.160312,-5.224086,18.000000,-0.032000,-0.000000,-0.012998,-0.046180
18.490000,1.830000,0.170294,-5.061690,18.000000,-0.034000,-0.000000,-0.007823,-0.046520
18.719999,1.800000,0.200997,-5.829561,18.000000,-0.040000,-0.000000,-0.014825,-0.046920
18.980000,1.770000,0.230868,-6.233417,18.000000,-0.046000,-0.000000,-0.015414,-0.047380
19.209999,1.760000,0.240208,-5.986753,18.000000,-0.048000,-0.000000,-0.008629,-0.047860
19.440001,1.770000,0.233452,-5.368931,18.000000,-0.046000,-0.000000,0.000614,-0.048320
19.680000,1.790000,0.210950,-4.787284,18.000000,-0.042000,-0.000000,0.007186,-0.048740
19.940001,1.760000,0.243311,-6.033051,18.000000,-0.048000,-0.000000,-0.008077,-0.049220
20.219999,1.720000,0.280713,-7.014999,18.000000,-0.056000,-0.000000,-0.016655,-0.049780
20.480000,1.700000,0.300666,-7.042391,18.000000,-0.060000,-0.000000,-0.012533,-0.050380
20.700001,1.690000,0.310000,-6.913784,18.000000,-0.062000,-0.000000,-0.007668,-0.051000
20.950001,1.670000,0.333766,-7.287876,18.000000,-0.066000,-0.000000,-0.009537,-0.051660
21.219999,1.660000,0.340588,-7.277126,18.000000,-0.068000,-0.000000,-0.006670,-0.052340
21.450001,1.630000,0.373363,-8.108531,18.000000,-0.074000,-0.000000,-0.014441,-0.053080
21.629999,1.610000,0.391152,-8.430816,18.000000,-0.078000,-0.000000,-0.015285,-0.053860
21.840000,1.620000,0.382099,-7.575906,18.000000,-0.076000,-0.000000,-0.001605,-0.054620
22.040001,1.650000,0.352278,-6.410951,18.000000,-0.070000,-0.000000,0.013428,-0.055320
22.240000,1.650000,0.352278,-6.963963,18.000000,-0.070000,-0.000000,0.004476,-0.056020
22.440001,1.640000,0.362215,-7.490775,18.000000,-0.072000,-0.000000,-0.001999,-0.056740
22.660000,1.630000,0.372156,-7.771421,18.000000,-0.074000,-0.000000,-0.004157,-0.057480
22.850000,1.650000,0.353553,-6.823564,18.000000,-0.070000,-0.000000,0.009086,-0.058180
23.070000,1.640000,0.361248,-7.526481,18.000000,-0.072000,-0.000000,-0.000462,-0.058900
23.280001,1.660000,0.340588,-6.818617,18.000000,-0.068000,-0.000000,0.008573,-0.059580
23.510000,1.680000,0.320156,-6.553556,18.000000,-0.064000,-0.000000,0.009839,-0.060220
23.690001,1.720000,0.280178,-5.303092,18.000000,-0.056000,-0.000000,0.024224,-0.060780
23.910000,1.740000,0.260192,-5.528975,18.000000,-0.052000,-0.000000,0.016801,-0.061300
24.139999,1.770000,0.233452,-5.153315,18.000000,-0.046000,-0.000000,0.017818,-0.061760
24.360001,1.760000,0.243310,-6.175994,18.000000,-0.048000,-0.000000,0.002449,-0.062240
24.580000,1.790000,0.210950,-5.249813,18.000000,-0.042000,-0.000000,0.013033,-0.062660
24.809999,1.810000,0.190263,-5.140245,18.000000,-0.038000,-0.000000,0.011326,-0.063040
25.030001,1.830000,0.172627,-4.863156,18.000000,-0.034000,-0.000000,0.012502,-0.063380
25.270000,1.850000,0.152970,-4.728699,18.000000,-0.030000,-0.000000,0.011149,-0.063680
25.490000,1.840000,0.160312,-5.487472,18.000000,-0.032000,-0.000000,0.000226,-0.064000
25.740000,1.850000,0.155242,-5.198684,18.000000,-0.030000,-0.000000,0.003566,-0.064300
25.980000,1.850000,0.151327,-5.352078,18.000000,-0.030000,-0.000000,0.001189,-0.064600
26.219999,1.840000,0.161245,-5.730406,18.000000,-0.032000,-0.000000,-0.003094,-0.064920
26.450001,1.850000,0.158114,-5.314804,18.000000,-0.030000,-0.000000,0.002459,-0.065220
